Drug	ATC	out	test_label
490	171	0.9123403429985046	1.0
491	69	0.9730625748634338	1.0
491	73	0.9922283291816711	1.0
492	191	0.792008638381958	1.0
493	89	0.9973777532577515	1.0
493	90	0.9946202039718628	1.0
493	91	0.9968771934509277	1.0
493	92	0.99648118019104	1.0
493	206	0.977143406867981	1.0
494	98	0.9987265467643738	1.0
494	126	0.9983128309249878	1.0
495	142	0.9879264831542969	1.0
496	115	0.9941316246986389	1.0
497	0	0.9874607920646667	1.0
497	34	0.9596775770187378	1.0
497	44	0.997704803943634	1.0
497	182	0.9867221117019653	1.0
497	185	0.9928706288337708	1.0
497	196	0.9800698757171631	1.0
498	98	0.987675666809082	1.0
498	159	0.9893079400062561	1.0
499	2	0.5448188781738281	1.0
500	125	0.9946458339691162	1.0
501	20	0.9947498440742493	1.0
502	8	0.5120766162872314	1.0
503	169	0.8930515050888062	1.0
504	142	0.9726603627204895	1.0
505	180	0.9744398593902588	1.0
506	74	0.9965329170227051	1.0
506	75	0.9966951608657837	1.0
507	163	0.9968403577804565	1.0
508	43	0.974843442440033	1.0
509	0	0.9874761700630188	1.0
509	12	0.9884082674980164	1.0
509	98	0.9982447624206543	1.0
509	132	0.9910154938697815	1.0
510	32	0.9943835735321045	1.0
511	165	0.990858256816864	1.0
512	128	0.9950845837593079	1.0
512	193	0.9960376024246216	1.0
513	129	0.9966559410095215	1.0
514	61	0.43132731318473816	1.0
514	111	0.7228044867515564	1.0
515	116	0.9976032376289368	1.0
515	195	0.9958171248435974	1.0
515	206	0.9837409257888794	1.0
515	210	0.988089382648468	1.0
516	165	0.9882791042327881	1.0
517	72	0.9950563907623291	1.0
517	73	0.996269941329956	1.0
518	59	0.9722734093666077	1.0
518	211	0.9017698168754578	1.0
519	200	0.7460885643959045	1.0
520	139	0.9954019784927368	1.0
520	140	0.9965947270393372	1.0
521	55	0.985460102558136	1.0
521	57	0.9851378202438354	1.0
521	98	0.9981043338775635	1.0
522	159	0.9945066571235657	1.0
523	150	0.960923969745636	1.0
524	131	0.9978391528129578	1.0
525	59	0.9881426692008972	1.0
526	56	0.9879185557365417	1.0
527	135	0.9972353577613831	1.0
528	98	0.9991397857666016	1.0
528	196	0.9925037622451782	1.0
529	17	0.8726459741592407	1.0
529	157	0.9957050681114197	1.0
529	171	0.9633080363273621	1.0
530	135	0.9953920841217041	1.0
531	98	0.9962899684906006	1.0
531	112	0.7920843958854675	1.0
532	155	0.9938281178474426	1.0
533	135	0.998489260673523	1.0
534	153	0.9924227595329285	1.0
535	178	0.8002721071243286	1.0
536	145	0.9974384307861328	1.0
536	148	0.9969683289527893	1.0
536	184	0.9176750183105469	1.0
536	194	0.9931929707527161	1.0
537	124	0.9954720735549927	1.0
538	111	0.975810170173645	1.0
538	162	0.983212411403656	1.0
539	166	0.996880054473877	1.0
540	182	0.886073648929596	1.0
540	186	0.6879683136940002	1.0
540	198	0.6344444751739502	1.0
541	102	0.9977638721466064	1.0
541	105	0.996660590171814	1.0
541	107	0.9974162578582764	1.0
542	135	0.9907279014587402	1.0
543	191	0.9977395534515381	1.0
544	153	0.9998087286949158	1.0
545	60	0.9675847887992859	1.0
545	156	0.9798703193664551	1.0
545	199	0.9743688106536865	1.0
546	72	0.9876455664634705	1.0
546	73	0.9864820241928101	1.0
546	78	0.9872828722000122	1.0
547	44	0.9974619150161743	1.0
548	88	0.9708541631698608	1.0
549	4	0.9851806163787842	1.0
549	5	0.9934415817260742	1.0
550	166	0.9971615076065063	1.0
551	45	0.9970423579216003	1.0
551	60	0.8072258830070496	1.0
552	149	0.9967783093452454	1.0
553	79	0.9651859998703003	1.0
553	178	0.7452322244644165	1.0
554	20	0.9964524507522583	1.0
555	211	0.9960805773735046	1.0
556	163	0.9968157410621643	1.0
557	79	0.993298351764679	1.0
558	2	0.9959736466407776	1.0
558	145	0.9679770469665527	1.0
559	191	0.9874609112739563	1.0
560	176	0.7513391971588135	1.0
561	124	0.9961647987365723	1.0
562	173	0.9421951174736023	1.0
563	0	0.9956692457199097	1.0
563	15	0.9934118390083313	1.0
563	60	0.9974085688591003	1.0
563	89	0.9970881342887878	1.0
563	90	0.9950466156005859	1.0
563	91	0.9971177577972412	1.0
563	92	0.9969402551651001	1.0
563	116	0.9975912570953369	1.0
563	182	0.9967178702354431	1.0
563	194	0.9971417784690857	1.0
563	195	0.9957265853881836	1.0
563	205	0.9920124411582947	1.0
563	206	0.9915375709533691	1.0
563	210	0.9929139614105225	1.0
564	11	0.996951699256897	1.0
564	38	0.6012271642684937	1.0
564	39	0.9973021745681763	1.0
564	189	0.810172438621521	1.0
564	212	0.9976714253425598	1.0
565	216	0.992348313331604	1.0
566	167	0.9969311952590942	1.0
567	211	0.9898440837860107	1.0
568	8	0.864285945892334	1.0
568	165	0.9932262301445007	1.0
568	197	0.9810311198234558	1.0
569	191	0.9973612427711487	1.0
570	145	0.997208297252655	1.0
571	156	0.9911173582077026	1.0
572	191	0.9967525005340576	1.0
572	198	0.9480870962142944	1.0
573	166	0.9928688406944275	1.0
574	155	0.9996336698532104	1.0
575	160	0.9975765347480774	1.0
576	95	0.9696789383888245	1.0
576	140	0.9909871220588684	1.0
577	93	0.9857659339904785	1.0
578	8	0.8620471358299255	1.0
579	32	0.9939432740211487	1.0
580	0	0.9958802461624146	1.0
580	2	0.9842460751533508	1.0
580	87	0.9700901508331299	1.0
580	122	0.9812942743301392	1.0
580	130	0.9543901085853577	1.0
580	193	0.9750629663467407	1.0
580	204	0.8194741606712341	1.0
580	208	0.898242175579071	1.0
581	125	0.9932340979576111	1.0
582	28	0.9721347093582153	1.0
582	40	0.9989860653877258	1.0
583	140	0.9982295632362366	1.0
584	120	0.9946327209472656	1.0
585	185	0.9962025284767151	1.0
586	51	0.9719430208206177	1.0
587	182	0.9959361553192139	1.0
587	198	0.9676938652992249	1.0
588	46	0.9422951340675354	1.0
588	111	0.9712181091308594	1.0
589	5	0.9954288005828857	1.0
590	180	0.9277193546295166	1.0
591	138	0.9966852068901062	1.0
592	53	0.9978585839271545	1.0
592	98	0.9989907145500183	1.0
593	32	0.9918341636657715	1.0
594	160	0.9974486231803894	1.0
595	165	0.9733567237854004	1.0
596	127	0.9987892508506775	1.0
597	129	0.9927029609680176	1.0
598	166	0.9888401627540588	1.0
599	12	0.9961075186729431	1.0
599	131	0.9977306723594666	1.0
599	193	0.9981539845466614	1.0
599	204	0.9760351181030273	1.0
599	208	0.9186373949050903	1.0
600	3	0.9793689846992493	1.0
600	5	0.9557929039001465	1.0
601	100	0.4327205419540405	1.0
601	102	0.9957383871078491	1.0
601	104	0.9656954407691956	1.0
601	106	0.9478239417076111	1.0
601	107	0.9934773445129395	1.0
601	109	0.5395052433013916	1.0
602	145	0.9972760081291199	1.0
603	88	0.8742978572845459	1.0
603	135	0.9984695315361023	1.0
603	193	0.9967530369758606	1.0
604	101	0.9277971982955933	1.0
604	145	0.9974669218063354	1.0
604	148	0.9970130920410156	1.0
605	216	0.991917073726654	1.0
606	72	0.9825709462165833	1.0
606	73	0.9837153553962708	1.0
606	78	0.9788587689399719	1.0
607	136	0.9959194660186768	1.0
608	84	0.958076000213623	1.0
608	191	0.9833126664161682	1.0
609	79	0.9982089996337891	1.0
610	160	0.9971318244934082	1.0
610	165	0.9968446493148804	1.0
611	15	0.9852613806724548	1.0
611	98	0.9948762059211731	1.0
612	59	0.9852784872055054	1.0
612	148	0.9542907476425171	1.0
613	87	0.9859331250190735	1.0
613	128	0.986309289932251	1.0
613	193	0.9995680451393127	1.0
613	204	0.6899273991584778	1.0
613	208	0.5414121150970459	1.0
614	85	0.8998993635177612	1.0
615	44	0.9702558517456055	1.0
616	164	0.9952036142349243	1.0
617	155	0.9906761646270752	1.0
618	12	0.996967613697052	1.0
618	131	0.9979105591773987	1.0
619	3	0.9731394648551941	1.0
620	166	0.9963451027870178	1.0
621	59	0.9605704545974731	1.0
621	188	0.9929735660552979	1.0
622	199	0.8632932305335999	1.0
623	54	0.9922887682914734	1.0
623	73	0.9719284176826477	1.0
623	78	0.917984664440155	1.0
623	98	0.9973341226577759	1.0
624	197	0.9940381050109863	1.0
625	161	0.9967988729476929	1.0
626	135	0.9956313371658325	1.0
627	145	0.9970371723175049	1.0
627	146	0.9202643632888794	1.0
627	148	0.9972735047340393	1.0
628	155	0.9751327633857727	1.0
628	157	0.9943711161613464	1.0
629	145	0.9969346523284912	1.0
630	185	0.997050404548645	1.0
630	187	0.9968846440315247	1.0
631	129	0.9956762194633484	1.0
632	155	0.9941489696502686	1.0
633	98	0.995387852191925	1.0
633	196	0.9275422692298889	1.0
634	51	0.9839476346969604	1.0
634	111	0.9913307428359985	1.0
634	112	0.9109900593757629	1.0
635	171	0.8556404113769531	1.0
635	180	0.8677374720573425	1.0
636	0	0.9872009754180908	1.0
636	12	0.9943037033081055	1.0
636	79	0.9831320643424988	1.0
636	98	0.9977249503135681	1.0
636	193	0.9965571165084839	1.0
637	129	0.994958221912384	1.0
638	131	0.9863336682319641	1.0
639	164	0.9954000115394592	1.0
640	163	0.9967039227485657	1.0
641	160	0.9974742531776428	1.0
642	125	0.9958741068840027	1.0
643	110	0.9331672191619873	1.0
644	191	0.9971767663955688	1.0
645	14	0.8498016595840454	1.0
646	160	0.9963969588279724	1.0
647	89	0.9975044131278992	1.0
648	20	0.995894193649292	1.0
649	44	0.9802433848381042	1.0
650	164	0.9934672713279724	1.0
651	169	0.5029780268669128	1.0
652	157	0.9955869913101196	1.0
653	134	0.7324093580245972	1.0
654	89	0.997814416885376	1.0
654	91	0.9654967188835144	1.0
655	31	0.9936960339546204	1.0
655	203	0.970322847366333	1.0
656	178	0.9858983755111694	1.0
657	160	0.9964891672134399	1.0
657	165	0.9967930912971497	1.0
658	163	0.9967279434204102	1.0
659	136	0.9804169535636902	1.0
660	183	0.9940652847290039	1.0
661	136	0.9536141753196716	1.0
662	140	0.9920188784599304	1.0
663	79	0.9940290451049805	1.0
664	79	0.9920864701271057	1.0
664	80	0.6438649892807007	1.0
665	147	0.9252775311470032	1.0
666	0	0.9928929209709167	1.0
666	15	0.9914718270301819	1.0
666	60	0.9972532391548157	1.0
666	89	0.9971635937690735	1.0
666	90	0.9947103261947632	1.0
666	91	0.9971842169761658	1.0
666	92	0.9964849948883057	1.0
666	116	0.9977661371231079	1.0
666	182	0.9966061115264893	1.0
666	194	0.9963766932487488	1.0
666	195	0.9963330030441284	1.0
666	205	0.9902427792549133	1.0
666	206	0.9866666197776794	1.0
666	209	0.989613950252533	1.0
666	210	0.9903119802474976	1.0
666	211	0.8609150052070618	1.0
667	158	0.995764970779419	1.0
668	111	0.9955458641052246	1.0
669	2	0.9838501214981079	1.0
670	97	0.9934713840484619	1.0
670	144	0.9961571097373962	1.0
671	63	0.9956504702568054	1.0
672	101	0.9843346476554871	1.0
673	190	0.9775095582008362	1.0
674	98	0.9932751655578613	1.0
674	196	0.9901852607727051	1.0
675	145	0.9968357682228088	1.0
676	185	0.9938313961029053	1.0
676	187	0.9886239767074585	1.0
677	58	0.8221092820167542	1.0
678	194	0.9973336458206177	1.0
679	189	0.9912784695625305	1.0
680	163	0.9968350529670715	1.0
681	74	0.9935093522071838	1.0
681	75	0.9963033199310303	1.0
682	144	0.9990310668945312	1.0
682	203	0.9377545118331909	1.0
683	0	0.9854700565338135	1.0
683	39	0.9725976586341858	1.0
683	93	0.9831244945526123	1.0
683	94	0.9801613688468933	1.0
683	184	0.9888743162155151	1.0
683	193	0.9923169612884521	1.0
683	204	0.9221745729446411	1.0
683	208	0.9724143147468567	1.0
684	135	0.9979413151741028	1.0
685	53	0.9987372756004333	1.0
685	98	0.999184787273407	1.0
686	72	0.9972171783447266	1.0
686	73	0.9965593218803406	1.0
687	108	0.8306030035018921	1.0
688	45	0.9863032698631287	1.0
688	60	0.8773050904273987	1.0
689	153	0.9990899562835693	1.0
690	55	0.9498318433761597	1.0
690	57	0.9822713136672974	1.0
690	98	0.9959153532981873	1.0
691	136	0.9979920387268066	1.0
692	8	0.8557723164558411	1.0
693	104	0.9937992691993713	1.0
694	98	0.9986314177513123	1.0
694	126	0.9983331561088562	1.0
695	84	0.984978973865509	1.0
695	199	0.9622355699539185	1.0
696	116	0.8936091065406799	1.0
696	194	0.9971701502799988	1.0
697	165	0.9917211532592773	1.0
698	93	0.9796054363250732	1.0
698	211	0.9975273013114929	1.0
699	155	0.9951543807983398	1.0
700	135	0.9979239702224731	1.0
701	185	0.9973950386047363	1.0
702	191	0.9899128675460815	1.0
703	55	0.9909735321998596	1.0
704	8	0.8802250623703003	1.0
705	196	0.9962179064750671	1.0
706	160	0.9932950139045715	1.0
707	156	0.8088518977165222	1.0
39	173	0.15847040712833405	0.0
2228	6	0.4718625247478485	0.0
2530	189	0.07386516034603119	0.0
402	212	0.4536849856376648	0.0
2752	131	0.04200982302427292	0.0
402	2	0.4188930094242096	0.0
20	74	0.10065276175737381	0.0
725	177	0.012770484201610088	0.0
626	11	0.8624475598335266	0.0
1433	43	0.03554379940032959	0.0
2481	34	0.015466260723769665	0.0
2630	218	0.06493589282035828	0.0
822	57	0.055855877697467804	0.0
1450	194	0.03852027654647827	0.0
253	112	0.08422815054655075	0.0
2328	40	0.31546714901924133	0.0
2290	107	0.08729694038629532	0.0
783	68	0.014203391037881374	0.0
1839	46	0.8680832386016846	0.0
732	157	0.7965561151504517	0.0
139	64	0.02124224603176117	0.0
1755	115	0.008754028007388115	0.0
479	136	0.938663125038147	0.0
1525	27	0.03433457016944885	0.0
1585	114	0.04343884438276291	0.0
1869	28	0.7794603705406189	0.0
805	64	0.057427313178777695	0.0
2107	132	0.04129714518785477	0.0
2374	199	0.03267115354537964	0.0
2458	161	0.15366841852664948	0.0
1236	202	0.009823193773627281	0.0
897	15	0.05612530931830406	0.0
2181	127	0.03423396497964859	0.0
1236	148	0.540168285369873	0.0
1077	212	0.6622085571289062	0.0
2192	24	0.19389116764068604	0.0
172	199	0.009625453501939774	0.0
2407	78	0.14537444710731506	0.0
2593	55	0.034063905477523804	0.0
452	126	0.10015390813350677	0.0
1095	184	0.545400857925415	0.0
1814	98	0.6832016706466675	0.0
238	222	0.02169470675289631	0.0
699	105	0.5748857855796814	0.0
2129	24	0.03117676079273224	0.0
2504	166	0.2237178087234497	0.0
768	87	0.8416507244110107	0.0
2590	142	0.2507484257221222	0.0
2635	193	0.040733203291893005	0.0
744	91	0.08939620107412338	0.0
1871	187	0.03221592679619789	0.0
397	44	0.5837116837501526	0.0
2275	224	0.018235333263874054	0.0
1303	85	0.01575705036520958	0.0
1002	163	0.16113737225532532	0.0
474	17	0.06746522337198257	0.0
792	186	0.18614429235458374	0.0
1392	164	0.0686764046549797	0.0
253	53	0.033573273569345474	0.0
365	212	0.16031712293624878	0.0
2104	158	0.015367694199085236	0.0
1818	81	0.015909481793642044	0.0
862	87	0.14606131613254547	0.0
2334	199	0.023052124306559563	0.0
784	225	0.015988361090421677	0.0
567	101	0.9681470394134521	0.0
2535	11	0.4750595986843109	0.0
595	158	0.9556778073310852	0.0
1705	196	0.09758645296096802	0.0
1243	181	0.09954643994569778	0.0
1103	24	0.019089508801698685	0.0
317	191	0.4092993438243866	0.0
132	120	0.14236842095851898	0.0
959	11	0.5113939046859741	0.0
593	59	0.8970705270767212	0.0
834	177	0.06197420880198479	0.0
2640	117	0.022742075845599174	0.0
2346	92	0.016262555494904518	0.0
705	202	0.756851315498352	0.0
2657	212	0.11591605842113495	0.0
1279	132	0.019024256616830826	0.0
137	183	0.010683441534638405	0.0
2771	45	0.14281533658504486	0.0
181	198	0.46377384662628174	0.0
1316	26	0.02412598766386509	0.0
1061	76	0.01711350306868553	0.0
2067	108	0.7718489766120911	0.0
1415	20	0.19807328283786774	0.0
574	94	0.6426243782043457	0.0
2372	99	0.49568095803260803	0.0
2130	32	0.2443924844264984	0.0
591	210	0.8937787413597107	0.0
857	205	0.017606088891625404	0.0
2404	36	0.10389602929353714	0.0
938	42	0.009463941678404808	0.0
391	26	0.07674310356378555	0.0
1338	174	0.07695423066616058	0.0
1228	52	0.042570337653160095	0.0
1364	198	0.14845800399780273	0.0
2489	158	0.04191768169403076	0.0
1061	226	0.012252505868673325	0.0
2301	209	0.0947611927986145	0.0
375	123	0.015794076025485992	0.0
2136	92	0.007467567455023527	0.0
931	7	0.025943901389837265	0.0
2805	187	0.02267744019627571	0.0
2319	73	0.012867332436144352	0.0
1276	56	0.014381274580955505	0.0
984	158	0.10411249846220016	0.0
610	217	0.29827791452407837	0.0
1084	64	0.05639387667179108	0.0
209	169	0.06825193017721176	0.0
1692	225	0.006294639781117439	0.0
2508	183	0.2094799131155014	0.0
1833	173	0.27471938729286194	0.0
2572	136	0.18587049841880798	0.0
1473	62	0.2297792285680771	0.0
2040	68	0.01987246610224247	0.0
1525	181	0.09477977454662323	0.0
2071	142	0.013211174868047237	0.0
887	211	0.05448256433010101	0.0
1007	108	0.013285758905112743	0.0
1192	43	0.4675561785697937	0.0
1467	228	0.012946861796081066	0.0
1569	127	0.029777180403470993	0.0
1984	116	0.04718072712421417	0.0
1132	76	0.01264843251556158	0.0
1250	51	0.039009109139442444	0.0
2192	161	0.4243387281894684	0.0
2514	123	0.02000386267900467	0.0
2784	140	0.8268380761146545	0.0
2095	18	0.016665752977132797	0.0
2348	134	0.09031344205141068	0.0
2616	157	0.6215234994888306	0.0
2344	204	0.01464048307389021	0.0
2111	26	0.036370087414979935	0.0
705	38	0.6717922687530518	0.0
45	210	0.011233427561819553	0.0
1091	160	0.5978943109512329	0.0
2579	41	0.07289092987775803	0.0
2160	18	0.03027627058327198	0.0
2487	76	0.035896606743335724	0.0
2401	47	0.45563021302223206	0.0
2608	210	0.018222257494926453	0.0
2280	136	0.04552948847413063	0.0
571	47	0.35131415724754333	0.0
1341	165	0.25514429807662964	0.0
2835	201	0.20302510261535645	0.0
12	156	0.07891178131103516	0.0
687	81	0.6958942413330078	0.0
388	3	0.3743230402469635	0.0
2788	33	0.056838396936655045	0.0
1739	180	0.024904344230890274	0.0
622	50	0.7977362275123596	0.0
2526	198	0.03987577185034752	0.0
2459	92	0.04221973940730095	0.0
2599	58	0.025414137169718742	0.0
417	219	0.004502763506025076	0.0
2608	85	0.019165853038430214	0.0
2082	82	0.007206082809716463	0.0
912	141	0.09153759479522705	0.0
1213	129	0.35662680864334106	0.0
31	94	0.4997183382511139	0.0
1152	44	0.09316346049308777	0.0
2208	167	0.46268150210380554	0.0
2075	142	0.06487862765789032	0.0
1325	149	0.017179783433675766	0.0
2604	59	0.14103873074054718	0.0
751	123	0.009022990241646767	0.0
652	30	0.534122884273529	0.0
883	68	0.12971754372119904	0.0
1254	69	0.01447824016213417	0.0
2325	180	0.09038142114877701	0.0
2621	163	0.08918944746255875	0.0
1758	116	0.020424509420990944	0.0
2496	214	0.12551625072956085	0.0
1477	148	0.3375352919101715	0.0
2401	32	0.3446597456932068	0.0
160	175	0.018069004639983177	0.0
1651	170	0.028981581330299377	0.0
1616	80	0.011965123005211353	0.0
1991	179	0.02351851761341095	0.0
1630	95	0.08604905009269714	0.0
912	160	0.2479960173368454	0.0
1028	116	0.06678221374750137	0.0
1099	55	0.009173361584544182	0.0
773	52	0.16562668979167938	0.0
1526	228	0.04434070736169815	0.0
2513	148	0.15130004286766052	0.0
355	218	0.041813649237155914	0.0
484	191	0.7549635171890259	0.0
598	200	0.32813310623168945	0.0
498	177	0.47411012649536133	0.0
9	56	0.041415631771087646	0.0
1330	7	0.03824465721845627	0.0
1033	219	0.005174130667001009	0.0
393	228	0.007931452244520187	0.0
2641	153	0.016616810113191605	0.0
1144	140	0.09180135279893875	0.0
1684	193	0.25444716215133667	0.0
1783	25	0.05047592148184776	0.0
1497	195	0.03252151608467102	0.0
438	14	0.009600453078746796	0.0
1249	16	0.01300055906176567	0.0
1055	6	0.02162953093647957	0.0
2560	221	0.03413079306483269	0.0
1694	87	0.16900929808616638	0.0
1943	208	0.10440190881490707	0.0
1068	157	0.7908816337585449	0.0
1289	189	0.012382064014673233	0.0
207	27	0.013540929183363914	0.0
2807	78	0.031450916081666946	0.0
2676	58	0.018322300165891647	0.0
1429	189	0.022146711125969887	0.0
479	213	0.008133478462696075	0.0
2466	38	0.008493675850331783	0.0
2827	131	0.027000412344932556	0.0
1726	25	0.014627892524003983	0.0
257	86	0.016044067218899727	0.0
115	199	0.026631362736225128	0.0
2497	74	0.9624894857406616	0.0
1836	126	0.2934035360813141	0.0
248	166	0.7039127349853516	0.0
2526	122	0.016329539939761162	0.0
2000	212	0.249398335814476	0.0
1191	110	0.016088353469967842	0.0
900	98	0.2380707561969757	0.0
2568	218	0.022925322875380516	0.0
1458	182	0.8201436400413513	0.0
356	75	0.15496601164340973	0.0
386	147	0.011097694747149944	0.0
2267	205	0.03670874983072281	0.0
986	144	0.11089348793029785	0.0
2611	228	0.011944456957280636	0.0
803	177	0.012806803919374943	0.0
2486	124	0.0801607072353363	0.0
2054	47	0.09222426265478134	0.0
508	20	0.7729418277740479	0.0
248	146	0.05432110279798508	0.0
2267	188	0.0704144760966301	0.0
536	83	0.41728124022483826	0.0
1034	116	0.1332821100950241	0.0
1020	93	0.03846391662955284	0.0
2542	194	0.155534565448761	0.0
345	180	0.031398672610521317	0.0
634	167	0.9758985042572021	0.0
1740	19	0.00706822145730257	0.0
977	151	0.045901376754045486	0.0
2239	228	0.019018348306417465	0.0
1140	16	0.01846601627767086	0.0
1523	108	0.010927041061222553	0.0
434	35	0.01139222551137209	0.0
2338	1	0.007694503292441368	0.0
509	32	0.9841052889823914	0.0
1799	0	0.06368222832679749	0.0
2133	48	0.023448681458830833	0.0
1943	84	0.14200936257839203	0.0
2688	78	0.37018996477127075	0.0
1982	30	0.042809706181287766	0.0
824	113	0.004387114197015762	0.0
1473	64	0.23022931814193726	0.0
2396	86	0.05540493130683899	0.0
2313	118	0.012073243968188763	0.0
86	183	0.11174304783344269	0.0
2619	138	0.05290521681308746	0.0
1212	6	0.05054826661944389	0.0
2124	105	0.04889509826898575	0.0
1061	213	0.009424573741853237	0.0
2493	170	0.06704776734113693	0.0
2589	94	0.07999470829963684	0.0
584	14	0.5163541436195374	0.0
2118	186	0.29860934615135193	0.0
1923	39	0.0201418474316597	0.0
828	83	0.018936268985271454	0.0
44	18	0.022399291396141052	0.0
2047	20	0.08110688626766205	0.0
1882	228	0.0070250676944851875	0.0
1561	121	0.03018823452293873	0.0
463	22	0.017553193494677544	0.0
271	147	0.06956154108047485	0.0
327	52	0.7660556435585022	0.0
1350	184	0.3950127959251404	0.0
2630	217	0.015108070336282253	0.0
1689	74	0.04546109214425087	0.0
990	42	0.019247334450483322	0.0
161	193	0.12168803066015244	0.0
2597	28	0.008000745438039303	0.0
1256	13	0.007752961479127407	0.0
2242	216	0.017243729904294014	0.0
266	0	0.05915481597185135	0.0
1390	113	0.008889460004866123	0.0
506	107	0.8222371339797974	0.0
24	162	0.09527713805437088	0.0
1930	29	0.02518022246658802	0.0
875	37	0.046385642141103745	0.0
669	155	0.9111970663070679	0.0
1511	97	0.09664624184370041	0.0
2238	26	0.30870720744132996	0.0
1702	30	0.11199261248111725	0.0
1184	81	0.06209241598844528	0.0
2514	108	0.025816811248660088	0.0
2528	204	0.027920225635170937	0.0
60	28	0.006065709516406059	0.0
1357	47	0.41713500022888184	0.0
438	17	0.021010622382164	0.0
411	212	0.5792460441589355	0.0
751	58	0.012322982773184776	0.0
1910	66	0.031878989189863205	0.0
1672	225	0.0077188508585095406	0.0
123	226	0.008591892197728157	0.0
2197	55	0.03958730027079582	0.0
1322	180	0.05755980685353279	0.0
217	94	0.025852806866168976	0.0
2520	99	0.06122874096035957	0.0
1541	188	0.030828911811113358	0.0
2433	171	0.06842218339443207	0.0
1190	45	0.26294878125190735	0.0
288	224	0.008791017346084118	0.0
1210	129	0.09290675818920135	0.0
2122	7	0.08927664160728455	0.0
2670	129	0.15000155568122864	0.0
2348	128	0.13655894994735718	0.0
570	117	0.2724030315876007	0.0
526	196	0.9897767305374146	0.0
1245	109	0.17127500474452972	0.0
2800	75	0.02761642448604107	0.0
298	209	0.015746263787150383	0.0
1530	44	0.029038257896900177	0.0
1023	199	0.023753095418214798	0.0
370	133	0.5430647134780884	0.0
446	7	0.1619180589914322	0.0
19	118	0.021894212812185287	0.0
554	152	0.8869386315345764	0.0
1686	129	0.40884727239608765	0.0
857	32	0.16609829664230347	0.0
1069	137	0.03500047326087952	0.0
2061	44	0.0431920625269413	0.0
287	47	0.04245202988386154	0.0
634	189	0.49267685413360596	0.0
1886	138	0.06566549092531204	0.0
926	114	0.012004313059151173	0.0
2330	52	0.038575563579797745	0.0
1261	124	0.4547828435897827	0.0
1233	155	0.9672149419784546	0.0
244	7	0.3356160521507263	0.0
2011	206	0.03260791301727295	0.0
1565	141	0.32807043194770813	0.0
784	191	0.3668901324272156	0.0
652	210	0.5658718943595886	0.0
1968	227	0.003925717901438475	0.0
1115	0	0.8018221259117126	0.0
1305	140	0.4272681176662445	0.0
2538	64	0.11600625514984131	0.0
928	38	0.01345840748399496	0.0
2475	111	0.29729750752449036	0.0
2265	150	0.07281918078660965	0.0
2685	48	0.08601998537778854	0.0
843	17	0.14693351089954376	0.0
274	141	0.04542046785354614	0.0
1923	3	0.03392161428928375	0.0
594	33	0.6402313113212585	0.0
2665	137	0.09074294567108154	0.0
888	213	0.013090656138956547	0.0
358	67	0.9124453067779541	0.0
962	35	0.037256382405757904	0.0
1969	154	0.10608119517564774	0.0
2393	55	0.01628042384982109	0.0
1774	35	0.01600084826350212	0.0
2548	211	0.2847728729248047	0.0
2529	26	0.029696714133024216	0.0
2566	123	0.009589160792529583	0.0
2207	130	0.03615274280309677	0.0
2579	60	0.20492088794708252	0.0
997	210	0.017239190638065338	0.0
2781	54	0.13238146901130676	0.0
1498	149	0.024803167209029198	0.0
1058	174	0.07453951984643936	0.0
