Drug	ATC	out	test_label
2187	41	0.9426340460777283	1.0
2187	52	0.7956206202507019	1.0
2188	11	0.9952120780944824	1.0
2189	56	0.9906288981437683	1.0
2190	66	0.9945224523544312	1.0
2191	61	0.9771478176116943	1.0
2192	0	0.9575182795524597	1.0
2193	69	0.6148578524589539	1.0
2194	47	0.8840096592903137	1.0
2195	71	0.9977286458015442	1.0
2196	74	0.7462772130966187	1.0
2197	19	0.997377872467041	1.0
2198	19	0.7918232679367065	1.0
2199	51	0.9080231785774231	1.0
2200	15	0.9891484379768372	1.0
2201	70	0.9452246427536011	1.0
2202	66	0.9949038028717041	1.0
2203	66	0.8320919871330261	1.0
2204	6	0.6494899392127991	1.0
2204	39	0.9831526279449463	1.0
2205	1	0.9993665814399719	1.0
2206	1	0.7315500974655151	1.0
2207	19	0.9954877495765686	1.0
2208	64	0.9851692914962769	1.0
2209	65	0.9919202327728271	1.0
2210	2	0.9909289479255676	1.0
2211	19	0.9989463686943054	1.0
2212	65	0.988569438457489	1.0
2213	68	0.8131145238876343	1.0
2214	61	0.7629954814910889	1.0
2215	47	0.9977596998214722	1.0
2216	77	0.9511712789535522	1.0
2217	47	0.9985834360122681	1.0
2218	19	0.9962334036827087	1.0
2219	47	0.996246874332428	1.0
2220	71	0.6749856472015381	1.0
2221	6	0.6871733665466309	1.0
2221	39	0.9201850891113281	1.0
2221	68	0.9133353233337402	1.0
2222	72	0.7963250875473022	1.0
2223	47	0.9634713530540466	1.0
2224	42	0.6452875733375549	1.0
2225	65	0.9935389161109924	1.0
2226	77	0.696368396282196	1.0
2227	14	0.9954795837402344	1.0
2228	2	0.850203812122345	1.0
2229	19	0.5988935232162476	1.0
2230	62	0.8531505465507507	1.0
2231	19	0.5930647850036621	1.0
2232	1	0.9962279796600342	1.0
2233	36	0.6475604176521301	1.0
2234	47	0.9760170578956604	1.0
2235	21	0.9964105486869812	1.0
2235	39	0.9552076458930969	1.0
2236	7	0.7953281998634338	1.0
2237	55	0.9961202144622803	1.0
2238	33	0.6298103928565979	1.0
2238	50	0.7523769736289978	1.0
2239	62	0.8078855872154236	1.0
2240	0	0.7092252373695374	1.0
2241	19	0.7784233093261719	1.0
2242	75	0.9821527600288391	1.0
2243	77	0.5895160436630249	1.0
2244	35	0.754398763179779	1.0
2244	77	0.9257924556732178	1.0
2245	56	0.7010661363601685	1.0
2246	81	0.8809364438056946	1.0
2247	47	0.9968145489692688	1.0
2248	57	0.9630545973777771	1.0
2249	51	0.8855000734329224	1.0
2250	31	0.7491613030433655	1.0
2251	35	0.8217926621437073	1.0
2251	39	0.8817222714424133	1.0
2251	68	0.9222535490989685	1.0
2251	72	0.7509565949440002	1.0
2252	19	0.9962628483772278	1.0
2253	55	0.7986024618148804	1.0
2254	74	0.7607735395431519	1.0
2255	41	0.9963423609733582	1.0
2256	2	0.8093811869621277	1.0
2257	26	0.9966523051261902	1.0
2258	64	0.9799281358718872	1.0
2259	55	0.9970526695251465	1.0
2260	74	0.848039448261261	1.0
2261	19	0.7771527767181396	1.0
2261	77	0.9639726877212524	1.0
2262	40	0.7257869839668274	1.0
2262	55	0.8544245958328247	1.0
2263	51	0.8528578281402588	1.0
2264	39	0.9609395265579224	1.0
2264	68	0.9305563569068909	1.0
2265	47	0.9791487455368042	1.0
2266	83	0.9713796973228455	1.0
2267	1	0.9963070154190063	1.0
2268	61	0.9911076426506042	1.0
2269	57	0.9651035666465759	1.0
2270	6	0.8337283730506897	1.0
2271	35	0.7967445850372314	1.0
2272	14	0.9838889837265015	1.0
2273	61	0.8399507999420166	1.0
2274	77	0.9186559915542603	1.0
2275	19	0.8399207592010498	1.0
2276	65	0.9898952841758728	1.0
2277	70	0.888640284538269	1.0
2278	19	0.8301066756248474	1.0
2279	51	0.7820449471473694	1.0
2280	65	0.9901500940322876	1.0
2281	70	0.9093124270439148	1.0
2282	47	0.9969180822372437	1.0
2283	47	0.9838612079620361	1.0
2284	51	0.8881359100341797	1.0
2285	22	0.9933911561965942	1.0
2286	66	0.9506793022155762	1.0
2287	19	0.8071263432502747	1.0
2288	37	0.8517577052116394	1.0
2289	35	0.8899458050727844	1.0
2290	22	0.8975258469581604	1.0
2291	55	0.9065072536468506	1.0
2291	56	0.9705687165260315	1.0
2292	14	0.9955741167068481	1.0
2293	27	0.7103639841079712	1.0
2294	75	0.9807311296463013	1.0
2295	39	0.9215320944786072	1.0
2295	68	0.9050461053848267	1.0
2296	2	0.990207850933075	1.0
2297	66	0.9658812284469604	1.0
2298	62	0.8506219387054443	1.0
2299	57	0.9886060357093811	1.0
2300	22	0.6829259991645813	1.0
2301	37	0.5434474349021912	1.0
2301	70	0.8602391481399536	1.0
2302	57	0.986879289150238	1.0
2303	19	0.9812347292900085	1.0
2304	11	0.9970434308052063	1.0
2305	28	0.7892097234725952	1.0
2306	2	0.8598514199256897	1.0
2307	63	0.9963305592536926	1.0
2308	38	0.838409423828125	1.0
2308	55	0.8859996199607849	1.0
2309	55	0.8859416842460632	1.0
2309	56	0.9799348711967468	1.0
2310	8	0.45155638456344604	1.0
2310	17	0.9722002148628235	1.0
2311	14	0.9881906509399414	1.0
2312	37	0.9328067302703857	1.0
2313	2	0.9900604486465454	1.0
2314	65	0.9950088262557983	1.0
2315	55	0.9960766434669495	1.0
2316	72	0.7280973792076111	1.0
2317	22	0.9183743000030518	1.0
2318	42	0.6585931777954102	1.0
2319	65	0.9908720850944519	1.0
2320	19	0.9947330951690674	1.0
2321	68	0.8773103952407837	1.0
2322	2	0.9896462559700012	1.0
2323	16	0.9926033616065979	1.0
2324	65	0.9967286586761475	1.0
2325	35	0.8638456463813782	1.0
2326	66	0.9950202703475952	1.0
2327	41	0.995963454246521	1.0
2328	36	0.6636041402816772	1.0
2329	83	0.7256019711494446	1.0
2330	74	0.8316296339035034	1.0
2331	35	0.7019397020339966	1.0
2332	68	0.6273859143257141	1.0
2333	0	0.7161023020744324	1.0
2333	15	0.7764216065406799	1.0
2334	73	0.7768328785896301	1.0
2335	63	0.9905106425285339	1.0
2336	74	0.7555161714553833	1.0
2337	19	0.9872363209724426	1.0
2338	40	0.984941303730011	1.0
2339	19	0.9290132522583008	1.0
2340	19	0.9981866478919983	1.0
2341	65	0.9915016889572144	1.0
2342	65	0.986620306968689	1.0
2343	77	0.8511481285095215	1.0
2344	21	0.997361958026886	1.0
2345	9	0.9951800107955933	1.0
2346	56	0.9937196969985962	1.0
2346	62	0.9924159049987793	1.0
2347	19	0.9981099367141724	1.0
2348	47	0.9850243330001831	1.0
2349	20	0.9971480965614319	1.0
2350	66	0.9941264390945435	1.0
2351	66	0.7727994918823242	1.0
2352	64	0.9809356927871704	1.0
2353	57	0.9734215140342712	1.0
2354	76	0.6303514838218689	1.0
2355	10	0.7440015077590942	1.0
2356	49	0.8249350190162659	1.0
2357	41	0.9960315823554993	1.0
2358	1	0.7918903231620789	1.0
2359	75	0.867242157459259	1.0
2360	33	0.7762266993522644	1.0
2361	27	0.7989416122436523	1.0
2362	16	0.9994685053825378	1.0
2363	70	0.7999210357666016	1.0
2364	28	0.8246423006057739	1.0
2364	39	0.8657655119895935	1.0
2365	85	0.5963208079338074	1.0
2366	83	0.7474340796470642	1.0
2367	20	0.9965749382972717	1.0
2368	21	0.9973467588424683	1.0
2369	1	0.7519930005073547	1.0
2370	55	0.9964279532432556	1.0
2371	27	0.996132493019104	1.0
2372	28	0.8206765651702881	1.0
2372	39	0.8760611414909363	1.0
2373	20	0.9920526742935181	1.0
2374	74	0.741783618927002	1.0
2375	65	0.9890902638435364	1.0
2376	66	0.9099568128585815	1.0
2377	2	0.8453018069267273	1.0
2378	27	0.8328322768211365	1.0
2379	4	0.8505985736846924	1.0
2380	24	0.9970735311508179	1.0
2381	83	0.7884137034416199	1.0
2382	74	0.7674010992050171	1.0
2383	64	0.981963038444519	1.0
2384	73	0.99726402759552	1.0
2385	14	0.995500385761261	1.0
2386	20	0.9897639751434326	1.0
2387	61	0.567335844039917	1.0
2388	62	0.9923281073570251	1.0
2389	66	0.8862910270690918	1.0
2390	47	0.9940497875213623	1.0
2391	66	0.9603851437568665	1.0
2392	74	0.7264021039009094	1.0
2393	28	0.7636888027191162	1.0
2394	27	0.9948270916938782	1.0
2395	47	0.9960986375808716	1.0
2396	69	0.7710402011871338	1.0
2397	62	0.8194241523742676	1.0
2398	43	0.9926323294639587	1.0
2399	69	0.8153135776519775	1.0
2400	75	0.9668381810188293	1.0
2401	19	0.9988380074501038	1.0
2402	64	0.9843071699142456	1.0
2403	68	0.820888340473175	1.0
2404	47	0.9963571429252625	1.0
2405	80	0.770301878452301	1.0
2406	41	0.9945656061172485	1.0
2407	74	0.6252569556236267	1.0
2408	74	0.7977262735366821	1.0
2409	47	0.9231984615325928	1.0
2410	2	0.8682129979133606	1.0
2411	62	0.9938533306121826	1.0
2412	75	0.9823581576347351	1.0
2413	55	0.9969413876533508	1.0
2414	76	0.5857604742050171	1.0
2415	15	0.8203759789466858	1.0
2416	12	0.6749006509780884	1.0
2417	47	0.9768117070198059	1.0
2418	1	0.9992769360542297	1.0
2418	5	0.9993539452552795	1.0
2419	84	0.7949490547180176	1.0
2420	22	0.7887086868286133	1.0
2421	31	0.5166058540344238	1.0
2421	75	0.985275387763977	1.0
2422	23	0.9055283069610596	1.0
2423	34	0.9957036375999451	1.0
2424	4	0.6255218386650085	1.0
2425	19	0.8834571838378906	1.0
2426	77	0.9969486594200134	1.0
2427	66	0.9954407215118408	1.0
2428	2	0.8533649444580078	1.0
2429	47	0.9954517483711243	1.0
2430	2	0.9948603510856628	1.0
2431	56	0.9801186323165894	1.0
2431	77	0.9960845708847046	1.0
2432	64	0.9853432178497314	1.0
2433	47	0.996189534664154	1.0
2434	2	0.9910740256309509	1.0
2434	42	0.8209108710289001	1.0
2434	65	0.7623698115348816	1.0
2435	39	0.2849082350730896	1.0
2436	2	0.9897875785827637	1.0
2437	24	0.9969179630279541	1.0
2438	14	0.8128889203071594	1.0
2438	62	0.8633740544319153	1.0
2439	22	0.9702123403549194	1.0
2440	2	0.9265704154968262	1.0
2441	68	0.8172189593315125	1.0
2442	28	0.8814337849617004	1.0
2443	77	0.9952858090400696	1.0
2444	67	0.7996453046798706	1.0
2445	39	0.8847433924674988	1.0
2446	19	0.9712269902229309	1.0
2447	3	0.5493385791778564	1.0
2448	40	0.9814574122428894	1.0
2449	66	0.963981568813324	1.0
2450	65	0.9825348258018494	1.0
2451	62	0.9936070442199707	1.0
2452	5	0.9984176158905029	1.0
2453	55	0.9895538091659546	1.0
2454	41	0.996986448764801	1.0
2455	23	0.7446148991584778	1.0
2456	24	0.9970752000808716	1.0
2457	2	0.8352632522583008	1.0
2458	21	0.997418999671936	1.0
2458	39	0.9975023865699768	1.0
2459	41	0.929807186126709	1.0
2460	65	0.9867727160453796	1.0
2461	6	0.6140720844268799	1.0
2461	39	0.887982964515686	1.0
2461	68	0.9203101992607117	1.0
2462	19	0.9990212917327881	1.0
2463	62	0.9951097369194031	1.0
2464	83	0.8895838856697083	1.0
2465	47	0.9980959296226501	1.0
2466	62	0.6530529260635376	1.0
2467	2	0.9900628924369812	1.0
2468	51	0.9733951091766357	1.0
2469	62	0.9959452748298645	1.0
2470	58	0.6692657470703125	1.0
2471	66	0.36868542432785034	1.0
2472	39	0.9877730011940002	1.0
2473	35	0.7664745450019836	1.0
2473	77	0.9177286624908447	1.0
2474	80	0.9120013117790222	1.0
2475	66	0.9625162482261658	1.0
2476	58	0.668724536895752	1.0
2477	65	0.9869874715805054	1.0
2478	47	0.9582630395889282	1.0
2479	65	0.9859647750854492	1.0
2480	19	0.9861661195755005	1.0
2481	47	0.9755866527557373	1.0
2482	65	0.9868679046630859	1.0
2483	74	0.708867609500885	1.0
2484	73	0.993396520614624	1.0
2485	7	0.6050271391868591	1.0
2486	41	0.9970362186431885	1.0
2487	74	0.7368093132972717	1.0
2488	0	0.737665057182312	1.0
2488	35	0.7143868803977966	1.0
2489	75	0.9795091152191162	1.0
2490	69	0.6970489025115967	1.0
2491	83	0.7439974546432495	1.0
2492	16	0.7376254200935364	1.0
2493	39	0.9943426847457886	1.0
2494	65	0.9929839372634888	1.0
2495	73	0.9968855977058411	1.0
2496	19	0.9269441366195679	1.0
2497	20	0.9952876567840576	1.0
2498	27	0.7692453265190125	1.0
2499	65	0.9916845560073853	1.0
2500	61	0.8316348791122437	1.0
2501	76	0.6061670780181885	1.0
2502	6	0.6981295943260193	1.0
2503	2	0.9898442029953003	1.0
2059	24	0.02180711179971695	0.0
2022	79	0.029883243143558502	0.0
2134	53	0.04546348750591278	0.0
1185	34	0.02202463708817959	0.0
2529	8	0.016149813309311867	0.0
2300	60	0.569757878780365	0.0
957	42	0.23661582171916962	0.0
2030	24	0.11015696823596954	0.0
1369	84	0.022980481386184692	0.0
880	80	0.7867060899734497	0.0
1760	4	0.04050155729055405	0.0
667	82	0.016368763521313667	0.0
458	51	0.825683057308197	0.0
2739	14	0.07381509989500046	0.0
357	20	0.08515894412994385	0.0
2579	58	0.02901785634458065	0.0
1610	81	0.12802311778068542	0.0
336	72	0.2157258242368698	0.0
1573	3	0.1695641279220581	0.0
250	64	0.05489327758550644	0.0
1221	13	0.04496534913778305	0.0
1049	24	0.08227626234292984	0.0
2168	10	0.018109574913978577	0.0
1167	45	0.08433081954717636	0.0
835	38	0.1256312131881714	0.0
1290	78	0.07804984599351883	0.0
2617	74	0.058638278394937515	0.0
2054	79	0.05667039006948471	0.0
1914	6	0.9287542700767517	0.0
1336	26	0.0326736755669117	0.0
452	32	0.2479124665260315	0.0
1658	73	0.03790171816945076	0.0
2084	52	0.2891058027744293	0.0
2631	62	0.06209218129515648	0.0
1332	69	0.10990946739912033	0.0
574	24	0.06918797641992569	0.0
2805	20	0.025859687477350235	0.0
993	52	0.2800537645816803	0.0
553	64	0.192428320646286	0.0
2522	16	0.015538271516561508	0.0
51	23	0.04401463642716408	0.0
1504	57	0.016772786155343056	0.0
539	18	0.010883420705795288	0.0
2790	24	0.5837938189506531	0.0
124	45	0.017625372856855392	0.0
275	0	0.01884612999856472	0.0
2726	3	0.016199640929698944	0.0
243	42	0.21755975484848022	0.0
1943	83	0.014591775834560394	0.0
2650	50	0.13552957773208618	0.0
2442	32	0.566209614276886	0.0
1446	31	0.1199844479560852	0.0
1973	57	0.5957714319229126	0.0
632	41	0.01749797910451889	0.0
19	20	0.03957175835967064	0.0
2029	51	0.23548215627670288	0.0
1068	46	0.0172340776771307	0.0
211	79	0.047903288155794144	0.0
849	31	0.014787470921874046	0.0
547	39	0.09389037638902664	0.0
867	49	0.17950591444969177	0.0
191	54	0.03960010036826134	0.0
194	44	0.021210800856351852	0.0
1883	31	0.20024649798870087	0.0
551	57	0.014415833167731762	0.0
1404	62	0.10307591408491135	0.0
2238	54	0.6367033123970032	0.0
1197	15	0.1095007061958313	0.0
1274	71	0.028258005157113075	0.0
965	81	0.08232899755239487	0.0
2231	40	0.654492974281311	0.0
1853	27	0.06894881278276443	0.0
2065	35	0.05306479334831238	0.0
227	79	0.02537846378982067	0.0
2704	53	0.028205836191773415	0.0
687	52	0.1109909638762474	0.0
1144	35	0.019694333896040916	0.0
2333	12	0.3153328001499176	0.0
1827	43	0.04362031817436218	0.0
2500	24	0.8307473659515381	0.0
2162	82	0.023435469716787338	0.0
1263	14	0.45486679673194885	0.0
2663	14	0.03556474670767784	0.0
952	83	0.037349801510572433	0.0
1282	76	0.0742967501282692	0.0
499	85	0.008513983339071274	0.0
1851	74	0.1465229094028473	0.0
974	20	0.27216029167175293	0.0
33	71	0.381303608417511	0.0
1338	71	0.0902547836303711	0.0
1458	1	0.279541015625	0.0
1244	7	0.03642749413847923	0.0
1759	0	0.05986742302775383	0.0
2671	18	0.027004525065422058	0.0
1348	5	0.04769531264901161	0.0
2629	7	0.031371697783470154	0.0
2363	18	0.3765256702899933	0.0
2638	32	0.022815827280282974	0.0
1623	65	0.1952981948852539	0.0
2457	54	0.592988908290863	0.0
204	56	0.01274319551885128	0.0
2072	63	0.043834034353494644	0.0
1394	28	0.05020496994256973	0.0
2808	67	0.0255045797675848	0.0
2606	59	0.10121187567710876	0.0
17	75	0.029087545350193977	0.0
945	57	0.13533060252666473	0.0
1999	27	0.025505343452095985	0.0
853	48	0.01720905862748623	0.0
2805	33	0.03145083039999008	0.0
2657	66	0.05681820586323738	0.0
2345	49	0.5628208518028259	0.0
639	16	0.007830078713595867	0.0
1571	82	0.011603479273617268	0.0
1768	44	0.03324844315648079	0.0
1529	57	0.11979535967111588	0.0
2367	35	0.3180619478225708	0.0
857	69	0.025170540437102318	0.0
2112	84	0.012592281214892864	0.0
2022	67	0.06664438545703888	0.0
1643	10	0.030112478882074356	0.0
1751	75	0.06078691408038139	0.0
651	5	0.03820577636361122	0.0
158	16	0.010922254994511604	0.0
506	6	0.08741720020771027	0.0
1099	51	0.03521252050995827	0.0
1348	31	0.03448523208498955	0.0
2170	49	0.0160906333476305	0.0
656	23	0.11391104757785797	0.0
2145	41	0.04676822945475578	0.0
2783	74	0.050673939287662506	0.0
2484	83	0.2568451762199402	0.0
2469	66	0.5766497254371643	0.0
1393	61	0.10597792267799377	0.0
2394	85	0.21789169311523438	0.0
2582	27	0.021312560886144638	0.0
2191	8	0.1513223797082901	0.0
203	20	0.2923489809036255	0.0
904	6	0.2555423080921173	0.0
2289	82	0.39565739035606384	0.0
1177	39	0.15210887789726257	0.0
2167	20	0.036729030311107635	0.0
1779	73	0.13721537590026855	0.0
123	50	0.06420163065195084	0.0
2565	0	0.020698046311736107	0.0
911	12	0.010347642935812473	0.0
2580	59	0.023795412853360176	0.0
1619	34	0.023021461442112923	0.0
1864	69	0.0874204933643341	0.0
1991	41	0.03590761870145798	0.0
2266	16	0.9613629579544067	0.0
2124	16	0.020381692796945572	0.0
1392	64	0.09593424201011658	0.0
742	72	0.08718714118003845	0.0
2476	76	0.24265611171722412	0.0
806	31	0.024141136556863785	0.0
1332	26	0.048489950597286224	0.0
1549	72	0.11613655090332031	0.0
514	68	0.5742508769035339	0.0
346	64	0.2371639907360077	0.0
567	55	0.05727681145071983	0.0
1795	59	0.020776940509676933	0.0
1170	50	0.18137243390083313	0.0
799	46	0.041723042726516724	0.0
501	27	0.08733994513750076	0.0
2199	24	0.8014341592788696	0.0
1016	58	0.0104193314909935	0.0
947	9	0.08243590593338013	0.0
977	36	0.015094049274921417	0.0
424	7	0.5535650253295898	0.0
2640	52	0.09161928296089172	0.0
741	8	0.016717569902539253	0.0
2219	48	0.3337690830230713	0.0
718	25	0.07773931324481964	0.0
1440	6	0.33716464042663574	0.0
550	34	0.0308961421251297	0.0
1803	15	0.0939362496137619	0.0
2435	28	0.2740492522716522	0.0
1694	10	0.04523291811347008	0.0
2442	23	0.7702453136444092	0.0
675	32	0.032969966530799866	0.0
498	41	0.25833502411842346	0.0
1658	38	0.03751695901155472	0.0
2015	29	0.007630046922713518	0.0
2425	48	0.5328665375709534	0.0
206	60	0.017660364508628845	0.0
2045	76	0.025195058435201645	0.0
232	80	0.466913640499115	0.0
121	66	0.06404514610767365	0.0
2408	47	0.8874077796936035	0.0
2154	62	0.05382455512881279	0.0
280	18	0.017925594002008438	0.0
763	59	0.058925408869981766	0.0
2339	84	0.7363446354866028	0.0
1869	79	0.22070275247097015	0.0
722	42	0.4398197531700134	0.0
885	53	0.011539191007614136	0.0
1913	65	0.07944243401288986	0.0
1707	2	0.21845151484012604	0.0
738	13	0.07675838470458984	0.0
263	16	0.009951690211892128	0.0
922	43	0.021033506840467453	0.0
2105	79	0.025477848947048187	0.0
1052	78	0.10138784348964691	0.0
413	31	0.017377447336912155	0.0
552	31	0.06726858764886856	0.0
411	21	0.14465218782424927	0.0
1753	72	0.12261258810758591	0.0
1531	37	0.034263551235198975	0.0
1984	9	0.10384414345026016	0.0
1071	66	0.2688015103340149	0.0
1300	53	0.050266332924366	0.0
1725	65	0.05642130225896835	0.0
1109	11	0.4240740239620209	0.0
166	44	0.011666670441627502	0.0
1920	3	0.025159642100334167	0.0
996	17	0.049060676246881485	0.0
2648	83	0.013583504594862461	0.0
1923	63	0.05385839194059372	0.0
2335	15	0.1475808322429657	0.0
1491	52	0.04153483733534813	0.0
2214	8	0.29724591970443726	0.0
52	4	0.3413495421409607	0.0
635	31	0.16941186785697937	0.0
159	47	0.27048370242118835	0.0
290	49	0.17379309237003326	0.0
1192	85	0.006808717735111713	0.0
1167	61	0.03801494464278221	0.0
1549	82	0.014360492117702961	0.0
2289	8	0.6046481132507324	0.0
2713	17	0.028080787509679794	0.0
758	28	0.07073049992322922	0.0
1733	77	0.5807197093963623	0.0
2	54	0.6415174603462219	0.0
142	6	0.08496652543544769	0.0
490	76	0.07484229654073715	0.0
471	25	0.18137067556381226	0.0
546	16	0.029943229630589485	0.0
2237	53	0.16906960308551788	0.0
2522	70	0.033122021704912186	0.0
1496	16	0.03400687128305435	0.0
2667	61	0.3509466052055359	0.0
124	40	0.32175227999687195	0.0
908	5	0.022793207317590714	0.0
2144	21	0.08976767212152481	0.0
250	70	0.10149193555116653	0.0
211	81	0.3648255169391632	0.0
1168	25	0.033598825335502625	0.0
2466	24	0.2733713388442993	0.0
330	68	0.04553252086043358	0.0
1121	75	0.24594934284687042	0.0
249	72	0.027588820084929466	0.0
1981	14	0.13904114067554474	0.0
2658	24	0.03150883689522743	0.0
460	12	0.012789585627615452	0.0
1163	53	0.01925875060260296	0.0
1048	41	0.0634189322590828	0.0
2804	18	0.01232200302183628	0.0
2170	57	0.17170442640781403	0.0
2313	1	0.7792918682098389	0.0
2819	72	0.5018414855003357	0.0
320	35	0.020903589203953743	0.0
1350	74	0.15307171642780304	0.0
2435	62	0.3042951226234436	0.0
2177	49	0.05936393886804581	0.0
80	16	0.017876503989100456	0.0
1502	49	0.020267240703105927	0.0
343	83	0.12517493963241577	0.0
1200	25	0.030363963916897774	0.0
205	41	0.18388159573078156	0.0
1201	77	0.3267090320587158	0.0
730	68	0.05782952159643173	0.0
2659	19	0.07005231082439423	0.0
1039	36	0.01203112117946148	0.0
713	84	0.04365287348628044	0.0
1988	24	0.04656492546200752	0.0
1994	17	0.025665007531642914	0.0
674	58	0.03289790078997612	0.0
259	76	0.13590602576732635	0.0
1802	67	0.17051871120929718	0.0
2658	16	0.05738573893904686	0.0
2578	43	0.013488945551216602	0.0
2109	76	0.012102688662707806	0.0
629	38	0.20044976472854614	0.0
2005	2	0.10548563301563263	0.0
1463	13	0.014248949475586414	0.0
2625	25	0.02392156794667244	0.0
741	17	0.08019015192985535	0.0
2593	69	0.0605432353913784	0.0
412	31	0.023158863186836243	0.0
1592	18	0.008841210044920444	0.0
451	33	0.38313037157058716	0.0
22	37	0.07950031757354736	0.0
2787	36	0.04153048247098923	0.0
829	22	0.027990922331809998	0.0
2431	12	0.37111330032348633	0.0
1870	74	0.066292405128479	0.0
2456	64	0.6524113416671753	0.0
2543	25	0.014196502976119518	0.0
414	53	0.012219827622175217	0.0
2365	27	0.592044472694397	0.0
725	82	0.010559397749602795	0.0
171	64	0.19144846498966217	0.0
2071	28	0.024300120770931244	0.0
751	54	0.11784917861223221	0.0
2394	65	0.5203554630279541	0.0
661	53	0.2948117256164551	0.0
2570	31	0.09653071314096451	0.0
2229	35	0.49121442437171936	0.0
1131	22	0.05126097425818443	0.0
1028	27	0.10034316033124924	0.0
2194	25	0.7299066185951233	0.0
978	53	0.06869541108608246	0.0
921	45	0.045354075729846954	0.0
2435	29	0.31189900636672974	0.0
1522	43	0.03249863162636757	0.0
2199	58	0.5232552289962769	0.0
1543	28	0.02456195093691349	0.0
2166	68	0.40083935856819153	0.0
2632	68	0.18905189633369446	0.0
477	31	0.553846001625061	0.0
1350	35	0.04003836214542389	0.0
92	35	0.072959303855896	0.0
1992	53	0.016093222424387932	0.0
236	60	0.03610070422291756	0.0
1031	0	0.7585127353668213	0.0
2403	46	0.4596009850502014	0.0
2629	3	0.017402078956365585	0.0
1427	0	0.14947375655174255	0.0
2779	0	0.0669322982430458	0.0
2523	10	0.034911952912807465	0.0
970	34	0.19175498187541962	0.0
1884	62	0.0920167863368988	0.0
2528	32	0.05466967821121216	0.0
1003	48	0.8088679909706116	0.0
1305	27	0.08153513818979263	0.0
391	57	0.28912872076034546	0.0
2400	11	0.2596346139907837	0.0
538	0	0.039465874433517456	0.0
159	31	0.020507311448454857	0.0
835	65	0.0618002749979496	0.0
156	41	0.05988789722323418	0.0
531	17	0.37543660402297974	0.0
1901	55	0.07801274955272675	0.0
1367	33	0.04094258323311806	0.0
1327	84	0.017444608733057976	0.0
2386	54	0.37458306550979614	0.0
1938	7	0.027820225805044174	0.0
117	57	0.17167973518371582	0.0
642	50	0.42409640550613403	0.0
226	83	0.032251983880996704	0.0
